  (0, 1285)	1
  (0, 5749)	1
  (0, 1936)	4
  (0, 1547)	1
  (0, 4964)	1
  (0, 7135)	1
  (0, 3261)	1
  (0, 6884)	1
  (0, 2081)	1
  (0, 2653)	1
  (0, 2082)	1
  (0, 1526)	5
  (0, 5380)	2
  (0, 2892)	1
  (0, 2079)	1
  (0, 6185)	1
  (0, 6800)	1
  (0, 937)	1
  (0, 2648)	1
  (0, 7052)	1
  (0, 6860)	1
  (0, 5976)	3
  (0, 6005)	1
  (0, 5548)	1
  (0, 5130)	1
  :	:
  (0, 4618)	1
  (0, 2240)	1
  (0, 5756)	1
  (0, 2866)	1
  (0, 6096)	1
  (0, 5172)	1
  (0, 4433)	1
  (0, 4305)	1
  (0, 5186)	2
  (0, 1710)	1
  (0, 5651)	2
  (0, 3726)	2
  (0, 3217)	1
  (0, 1588)	1
  (0, 816)	1
  (0, 3963)	1
  (0, 1928)	1
  (0, 5769)	1
  (0, 292)	1
  (0, 3265)	1
  (0, 2751)	1
  (0, 1360)	1
  (0, 1012)	1
  (0, 979)	1
  (0, 7139)	1
  (0, 5749)	2
  (0, 3261)	2
  (0, 6884)	3
  (0, 1526)	22
  (0, 2892)	2
  (0, 2079)	1
  (0, 6860)	9
  (0, 5548)	3
  (0, 5130)	1
  (0, 1283)	7
  (0, 5298)	1
  (0, 2105)	12
  (0, 3859)	2
  (0, 6341)	1
  (0, 1794)	1
  (0, 4433)	8
  (0, 4305)	5
  (0, 5186)	3
  (0, 3217)	1
  (0, 1588)	7
  (0, 7141)	4
  (0, 3448)	2
  (0, 3449)	2
  (0, 4989)	2
  (0, 2447)	2
  :	:
  (0, 3568)	1
  (0, 5966)	1
  (0, 3154)	2
  (0, 115)	1
  (0, 6647)	1
  (0, 4221)	1
  (0, 2059)	1
  (0, 4222)	1
  (0, 3567)	1
  (0, 5446)	1
  (0, 5553)	1
  (0, 5445)	1
  (0, 3988)	1
  (0, 606)	1
  (0, 3534)	1
  (0, 6732)	1
  (0, 3270)	1
  (0, 6323)	1
  (0, 2971)	1
  (0, 4185)	1
  (0, 2800)	1
  (0, 6563)	1
  (0, 1190)	1
  (0, 1830)	1
  (0, 7152)	1
  (0, 5749)	2
  (0, 5380)	2
  (0, 937)	1
  (0, 6860)	20
  (0, 6165)	3
  (0, 3859)	3
  (0, 1997)	6
  (0, 2866)	1
  (0, 5186)	3
  (0, 3217)	2
  (0, 3458)	12
  (0, 5757)	2
  (0, 7104)	1
  (0, 3132)	2
  (0, 1300)	3
  (0, 4700)	1
  (0, 5963)	1
  (0, 5028)	1
  (0, 114)	1
  (0, 6447)	2
  (0, 2056)	2
  (0, 49)	1
  (0, 5135)	4
  (0, 4498)	1
  (0, 6277)	3
  :	:
  (0, 5557)	1
  (0, 4397)	1
  (0, 2592)	1
  (0, 5711)	1
  (0, 5474)	2
  (0, 5080)	1
  (0, 7170)	1
  (0, 4536)	1
  (0, 2090)	1
  (0, 369)	1
  (0, 5668)	1
  (0, 1959)	1
  (0, 7245)	1
  (0, 1920)	1
  (0, 1644)	1
  (0, 3634)	1
  (0, 5020)	1
  (0, 2702)	1
  (0, 4368)	1
  (0, 6821)	1
  (0, 4629)	1
  (0, 61)	1
  (0, 6870)	1
  (0, 6229)	1
  (0, 773)	1
  (0, 5749)	5
  (0, 6884)	137
  (0, 5380)	3
  (0, 2079)	1
  (0, 6860)	66
  (0, 6005)	4
  (0, 5548)	4
  (0, 5130)	7
  (0, 1283)	3
  (0, 963)	1
  (0, 5298)	3
  (0, 6716)	1
  (0, 6165)	1
  (0, 6015)	11
  (0, 2105)	1
  (0, 3859)	23
  (0, 1794)	2
  (0, 7180)	8
  (0, 2240)	4
  (0, 6096)	2
  (0, 5186)	9
  (0, 5651)	1
  (0, 3217)	13
  (0, 4989)	36
  (0, 2447)	3
  :	:
  (0, 494)	1
  (0, 6529)	1
  (0, 832)	1
  (0, 442)	1
  (0, 6522)	1
  (0, 815)	1
  (0, 419)	1
  (0, 6527)	1
  (0, 809)	1
  (0, 409)	1
  (0, 6528)	1
  (0, 647)	1
  (0, 163)	1
  (0, 6524)	1
  (0, 136)	1
  (0, 6526)	1
  (0, 608)	1
  (0, 878)	1
  (0, 6521)	1
  (0, 6765)	1
  (0, 6764)	1
  (0, 2061)	1
  (0, 5536)	1
  (0, 3858)	1
  (0, 5585)	1
  (0, 3261)	12
  (0, 6884)	17
  (0, 6860)	1
  (0, 1283)	1
  (0, 5298)	2
  (0, 4433)	2
  (0, 1710)	2
  (0, 4989)	1
  (0, 6322)	1
  (0, 5767)	6
  (0, 2862)	2
  (0, 2049)	2
  (0, 3458)	1
  (0, 333)	3
  (0, 90)	7
  (0, 1300)	1
  (0, 3192)	5
  (0, 6780)	4
  (0, 5920)	2
  (0, 6208)	1
  (0, 734)	2
  (0, 349)	3
  (0, 4700)	12
  (0, 5963)	12
  (0, 5028)	5
  :	:
  (0, 4969)	1
  (0, 3753)	1
  (0, 5051)	1
  (0, 6740)	1
  (0, 6218)	1
  (0, 2656)	1
  (0, 3678)	1
  (0, 3085)	1
  (0, 392)	1
  (0, 3086)	1
  (0, 3263)	1
  (0, 1037)	1
  (0, 3452)	1
  (0, 7148)	2
  (0, 7149)	2
  (0, 7150)	1
  (0, 3393)	1
  (0, 4219)	1
  (0, 3395)	1
  (0, 1737)	1
  (0, 3766)	1
  (0, 3394)	1
  (0, 3721)	3
  (0, 4218)	1
  (0, 3396)	1
