  (0, 3357)	47
  (0, 4046)	13
  (0, 4805)	79
  (0, 2126)	1
  (0, 397)	3
  (0, 3865)	2
  (0, 4253)	1
  (0, 5121)	1
  (0, 5469)	1
  (0, 6042)	1
  (0, 91)	1
  (0, 5580)	3
  (0, 1093)	3
  (0, 3645)	3
  (0, 1904)	3
  (0, 5468)	2
  (0, 1733)	2
  (0, 4349)	3
  (0, 1563)	2
  (0, 5819)	7
  (0, 1325)	3
  (0, 5210)	2
  (0, 1890)	3
  (0, 4528)	33
  (0, 5940)	15
  :	:
  (0, 1001)	1
  (0, 672)	1
  (0, 6156)	1
  (0, 1561)	1
  (0, 1306)	1
  (0, 5138)	1
  (0, 3049)	1
  (0, 3990)	1
  (0, 3278)	1
  (0, 4278)	1
  (0, 2650)	1
  (0, 3738)	1
  (0, 2597)	1
  (0, 2968)	1
  (0, 2156)	1
  (0, 3735)	1
  (0, 664)	1
  (0, 3806)	1
  (0, 35)	1
  (0, 323)	1
  (0, 45)	1
  (0, 5825)	1
  (0, 2730)	1
  (0, 5364)	1
  (0, 514)	1
  (0, 6042)	1
  (0, 91)	2
  (0, 1093)	6
  (0, 1733)	3
  (0, 4349)	19
  (0, 5819)	2
  (0, 5940)	4
  (0, 933)	1
  (0, 5301)	4
  (0, 5824)	4
  (0, 5664)	2
  (0, 1672)	2
  (0, 5527)	1
  (0, 5929)	2
  (0, 4769)	5
  (0, 611)	1
  (0, 658)	3
  (0, 2963)	2
  (0, 4473)	3
  (0, 1603)	2
  (0, 1798)	1
  (0, 4745)	1
  (0, 5585)	2
  (0, 5579)	3
  (0, 4392)	1
  :	:
  (0, 3736)	1
  (0, 2248)	1
  (0, 766)	1
  (0, 2237)	1
  (0, 2368)	1
  (0, 2566)	1
  (0, 5741)	1
  (0, 3144)	1
  (0, 1661)	1
  (0, 6005)	1
  (0, 3061)	1
  (0, 2667)	1
  (0, 3468)	1
  (0, 1982)	1
  (0, 934)	1
  (0, 5226)	1
  (0, 2043)	1
  (0, 5748)	1
  (0, 2044)	1
  (0, 2045)	1
  (0, 5948)	1
  (0, 3063)	1
  (0, 5947)	1
  (0, 3062)	1
  (0, 2905)	1
  (0, 4253)	2
  (0, 5121)	2
  (0, 6042)	1
  (0, 1093)	6
  (0, 5468)	1
  (0, 1733)	2
  (0, 4349)	1
  (0, 5940)	2
  (0, 407)	2
  (0, 5301)	12
  (0, 5824)	3
  (0, 661)	1
  (0, 5664)	1
  (0, 4715)	2
  (0, 1143)	1
  (0, 964)	1
  (0, 5929)	1
  (0, 2766)	2
  (0, 5225)	1
  (0, 1782)	1
  (0, 2963)	3
  (0, 2097)	1
  (0, 1653)	2
  (0, 1798)	2
  (0, 5585)	2
  :	:
  (0, 2352)	2
  (0, 2348)	1
  (0, 2351)	1
  (0, 2516)	1
  (0, 5560)	1
  (0, 4137)	1
  (0, 2082)	4
  (0, 2102)	1
  (0, 2179)	1
  (0, 2655)	1
  (0, 2656)	1
  (0, 3596)	1
  (0, 2349)	1
  (0, 5031)	1
  (0, 2350)	1
  (0, 5790)	1
  (0, 2347)	1
  (0, 1183)	1
  (0, 2776)	1
  (0, 2794)	1
  (0, 2786)	1
  (0, 2788)	1
  (0, 2787)	1
  (0, 2782)	1
  (0, 2355)	1
  (0, 3865)	7
  (0, 91)	7
  (0, 5468)	3
  (0, 1733)	12
  (0, 4349)	6
  (0, 1563)	1
  (0, 5819)	8
  (0, 5940)	3
  (0, 933)	1
  (0, 5301)	23
  (0, 661)	7
  (0, 5664)	2
  (0, 4715)	3
  (0, 1672)	10
  (0, 5254)	7
  (0, 1143)	14
  (0, 1625)	5
  (0, 2766)	2
  (0, 5225)	5
  (0, 4769)	5
  (0, 4611)	2
  (0, 1992)	27
  (0, 611)	2
  (0, 658)	3
  (0, 5335)	1
  :	:
  (0, 210)	1
  (0, 4557)	1
  (0, 118)	1
  (0, 126)	1
  (0, 4555)	1
  (0, 579)	1
  (0, 110)	1
  (0, 4556)	1
  (0, 524)	1
  (0, 542)	1
  (0, 4553)	1
  (0, 432)	1
  (0, 444)	1
  (0, 4552)	1
  (0, 366)	1
  (0, 374)	1
  (0, 4550)	1
  (0, 365)	1
  (0, 373)	1
  (0, 4551)	1
  (0, 1746)	1
  (0, 5731)	1
  (0, 6048)	1
  (0, 3234)	1
  (0, 5313)	1
  (0, 3865)	7
  (0, 6042)	4
  (0, 91)	4
  (0, 1093)	1
  (0, 5819)	2
  (0, 5210)	1
  (0, 5940)	1
  (0, 407)	1
  (0, 5301)	5
  (0, 5824)	1
  (0, 4715)	1
  (0, 1143)	1
  (0, 5527)	1
  (0, 1625)	18
  (0, 5929)	3
  (0, 5225)	1
  (0, 1782)	3
  (0, 2963)	39
  (0, 4473)	1
  (0, 1653)	1
  (0, 1603)	1
  (0, 3790)	4
  (0, 5329)	1
  (0, 1798)	1
  (0, 5903)	1
  :	:
  (0, 4108)	1
  (0, 2477)	1
  (0, 4153)	1
  (0, 70)	1
  (0, 2182)	1
  (0, 4162)	1
  (0, 5525)	1
  (0, 5599)	1
  (0, 4156)	1
  (0, 4155)	1
  (0, 5586)	1
  (0, 5711)	1
  (0, 593)	1
  (0, 4999)	1
  (0, 6060)	1
  (0, 6055)	1
  (0, 3584)	1
  (0, 4196)	1
  (0, 4033)	1
  (0, 3142)	1
  (0, 3136)	1
  (0, 5053)	1
  (0, 3114)	1
  (0, 1177)	1
  (0, 1692)	1
